image_width: 1024
image_height: 1024
camera_name: narrow_stereo
camera_matrix:
  rows: 3
  cols: 3
  data: [520.48457,   0.     , 516.04832,
           0.     , 526.01803, 519.41538,
           0.     ,   0.     ,   1.     ]
distortion_model: plumb_bob
distortion_coefficients:
  rows: 1
  cols: 5
  data: [0.014386, -0.013333, 0.002037, -0.001387, 0.000000]
rectification_matrix:
  rows: 3
  cols: 3
  data: [1., 0., 0.,
         0., 1., 0.,
         0., 0., 1.]
projection_matrix:
  rows: 3
  cols: 4
  data: [520.91858,   0.     , 513.46821,   0.     ,
           0.     , 526.2923 , 522.19532,   0.     ,
           0.     ,   0.     ,   1.     ,   0.     ]
